00
01
12
35
710
1521
3142
6385
127170
255341
511682
10231365
20472730
40955461
819110922
1638321845
3276743690
6553587381
131071174762
262143349525
524287699050
10485751398101
20971512796202
41943035592405
838860711184810
1677721522369621
3355443144739242
6710886389478485
134217727178956970
268435455357913941
536870911715827882
10737418231431655765
21474836472863311530
42949672955726623061
858993459111453246122
1717986918322906492245
3435973836745812984490
6871947673591625968981
137438953471183251937962
274877906943366503875925
549755813887733007751850
10995116277751466015503701
21990232555512932031007402
43980465111035864062014805
879609302220711728124029610
1759218604441523456248059221
3518437208883146912496118442
7036874417766393824992236885
140737488355327187649984473770
281474976710655375299968947541
562949953421311750599937895082
11258999068426231501199875790165
22517998136852473002399751580330
45035996273704956004799503160661
900719925474099112009599006321322
1801439850948198324019198012642645
3602879701896396748038396025285290
7205759403792793596076792050570581
144115188075855871192153584101141162
288230376151711743384307168202282325
576460752303423487768614336404564650
11529215046068469751537228672809129301
23058430092136939513074457345618258602
46116860184273879036148914691236517205
922337203685477580712297829382473034410
184467440737095516156148914691236517205
1844674407370955161512297829382473034410
184467440737095516156148914691236517205
1844674407370955161512297829382473034410
184467440737095516156148914691236517205
1844674407370955161512297829382473034410
184467440737095516156148914691236517205
1844674407370955161512297829382473034410
184467440737095516156148914691236517205
1844674407370955161512297829382473034410
184467440737095516156148914691236517205
1844674407370955161512297829382473034410
184467440737095516156148914691236517205
1844674407370955161512297829382473034410
184467440737095516156148914691236517205
1844674407370955161512297829382473034410
184467440737095516156148914691236517205
1844674407370955161512297829382473034410
184467440737095516156148914691236517205
1844674407370955161512297829382473034410
184467440737095516156148914691236517205
1844674407370955161512297829382473034410
184467440737095516156148914691236517205
1844674407370955161512297829382473034410
184467440737095516156148914691236517205
1844674407370955161512297829382473034410
184467440737095516156148914691236517205
1844674407370955161512297829382473034410
184467440737095516156148914691236517205
1844674407370955161512297829382473034410
184467440737095516156148914691236517205
1844674407370955161512297829382473034410
184467440737095516156148914691236517205
1844674407370955161512297829382473034410
184467440737095516156148914691236517205
